1        10   12  0  3     6     2019
2        70   12  1  3     6     2019
3        40   12  2  3     6     2019
4        0   12  3  3     6     2019
5        90   12  4  3     6     2019
1        40   12  5  3     6     2019
2        80   12  6  3     6     2019
3        80   12  7  3     6     2019
4        20   12  8  3     6     2019
5        40   12  9  3     6     2019
1        50   12  10  3     6     2019
2        50   12  11  3     6     2019
3        10   12  12  3     6     2019
4        70   12  13  3     6     2019
5        10   12  14  3     6     2019
1        10   12  15  3     6     2019
2        50   12  16  3     6     2019
3        20   12  17  3     6     2019
4        70   12  18  3     6     2019
5        60   12  19  3     6     2019
1        10   12  20  3     6     2019
2        40   12  21  3     6     2019
3        20   12  22  3     6     2019
4        30   12  23  3     6     2019
5        20   12  24  3     6     2019
1        20   12  25  3     6     2019
2        10   12  26  3     6     2019
3        60   12  27  3     6     2019
4        80   12  28  3     6     2019
5        50   12  29  3     6     2019
1        70   12  30  3     6     2019
2        60   12  31  3     6     2019
3        10   12  32  3     6     2019
4        80   12  33  3     6     2019
5        90   12  34  3     6     2019
1        20   12  35  3     6     2019
2        70   12  36  3     6     2019
3        90   12  37  3     6     2019
4        50   12  38  3     6     2019
5        40   12  39  3     6     2019
1        30   12  40  3     6     2019
2        10   12  41  3     6     2019
3        20   12  42  3     6     2019
4        30   12  43  3     6     2019
5        30   12  44  3     6     2019
1        40   12  45  3     6     2019
2        10   12  46  3     6     2019
3        10   12  47  3     6     2019
4        30   12  48  3     6     2019
5        80   12  49  3     6     2019
1        70   12  50  3     6     2019
2        40   12  51  3     6     2019
3        20   12  52  3     6     2019
4        70   12  53  3     6     2019
5        70   12  54  3     6     2019
1        90   12  55  3     6     2019
2        30   12  56  3     6     2019
3        10   12  57  3     6     2019
4        90   12  58  3     6     2019
5        80   12  0  3     6     2019
1        60   13  1  3     6     2019
2        50   13  2  3     6     2019
3        0   13  3  3     6     2019
4        20   13  4  3     6     2019
5        80   13  5  3     6     2019
1        60   13  6  3     6     2019
2        0   13  7  3     6     2019
3        20   13  8  3     6     2019
4        40   13  9  3     6     2019
5        80   13  10  3     6     2019
1        60   13  11  3     6     2019
2        50   13  12  3     6     2019
3        0   13  13  3     6     2019
4        90   13  14  3     6     2019
5        0   13  15  3     6     2019
1        0   13  16  3     6     2019
2        60   13  17  3     6     2019
3        10   13  18  3     6     2019
4        30   13  19  3     6     2019
5        80   13  20  3     6     2019
1        90   13  21  3     6     2019
2        30   13  22  3     6     2019
3        40   13  23  3     6     2019
4        40   13  24  3     6     2019
5        60   13  25  3     6     2019
1        0   13  26  3     6     2019
2        60   13  27  3     6     2019
3        60   13  28  3     6     2019
4        10   13  29  3     6     2019
5        80   13  30  3     6     2019
1        40   13  31  3     6     2019
2        90   13  32  3     6     2019
3        60   13  33  3     6     2019
4        30   13  34  3     6     2019
5        70   13  35  3     6     2019
1        80   13  36  3     6     2019
2        80   13  37  3     6     2019
3        20   13  38  3     6     2019
4        90   13  39  3     6     2019
5        10   13  40  3     6     2019
1        30   13  41  3     6     2019
2        50   13  42  3     6     2019
3        90   13  43  3     6     2019
4        80   13  44  3     6     2019
5        40   13  45  3     6     2019
1        0   13  46  3     6     2019
2        70   13  47  3     6     2019
3        60   13  48  3     6     2019
4        30   13  49  3     6     2019
5        60   13  50  3     6     2019
1        10   13  51  3     6     2019
2        50   13  52  3     6     2019
3        40   13  53  3     6     2019
4        20   13  54  3     6     2019
5        0   13  55  3     6     2019
1        90   13  56  3     6     2019
2        70   13  57  3     6     2019
3        30   13  58  3     6     2019
4        70   13  0  3     6     2019
5        20   13  1  3     6     2019
1        60   14  2  3     6     2019
2        0   14  3  3     6     2019
3        10   14  4  3     6     2019
4        60   14  5  3     6     2019
5        50   14  6  3     6     2019
1        70   14  7  3     6     2019
2        50   14  8  3     6     2019
3        40   14  9  3     6     2019
4        10   14  10  3     6     2019
5        20   14  11  3     6     2019
1        0   14  12  3     6     2019
2        0   14  13  3     6     2019
3        10   14  14  3     6     2019
4        40   14  15  3     6     2019
5        60   14  16  3     6     2019
1        0   14  17  3     6     2019
2        70   14  18  3     6     2019
3        10   14  19  3     6     2019
4        70   14  20  3     6     2019
5        70   14  21  3     6     2019
1        70   14  22  3     6     2019
2        70   14  23  3     6     2019
3        30   14  24  3     6     2019
4        30   14  25  3     6     2019
5        50   14  26  3     6     2019
1        90   14  27  3     6     2019
2        90   14  28  3     6     2019
3        80   14  29  3     6     2019
4        10   14  30  3     6     2019
5        80   14  31  3     6     2019
1        20   14  32  3     6     2019
2        60   14  33  3     6     2019
3        60   14  34  3     6     2019
4        0   14  35  3     6     2019
5        30   14  36  3     6     2019
1        80   14  37  3     6     2019
2        0   14  38  3     6     2019
3        10   14  39  3     6     2019
4        20   14  40  3     6     2019
5        50   14  41  3     6     2019
1        0   14  42  3     6     2019
2        90   14  43  3     6     2019
3        40   14  44  3     6     2019
4        70   14  45  3     6     2019
5        80   14  46  3     6     2019
1        30   14  47  3     6     2019
2        50   14  48  3     6     2019
3        10   14  49  3     6     2019
4        20   14  50  3     6     2019
5        0   14  51  3     6     2019
1        10   14  52  3     6     2019
2        60   14  53  3     6     2019
3        40   14  54  3     6     2019
4        0   14  55  3     6     2019
5        60   14  56  3     6     2019
1        10   14  57  3     6     2019
2        80   14  58  3     6     2019
3        90   14  0  3     6     2019
4        80   14  1  3     6     2019
5        40   14  2  3     6     2019
1        10   15  3  3     6     2019
2        40   15  4  3     6     2019
3        30   15  5  3     6     2019
4        90   15  6  3     6     2019
5        80   15  7  3     6     2019
1        80   15  8  3     6     2019
2        0   15  9  3     6     2019
3        80   15  10  3     6     2019
4        70   15  11  3     6     2019
5        70   15  12  3     6     2019
1        80   15  13  3     6     2019
2        30   15  14  3     6     2019
3        80   15  15  3     6     2019
4        30   15  16  3     6     2019
5        70   15  17  3     6     2019
1        10   15  18  3     6     2019
2        0   15  19  3     6     2019
3        70   15  20  3     6     2019
4        30   15  21  3     6     2019
5        40   15  22  3     6     2019
1        90   15  23  3     6     2019
2        60   15  24  3     6     2019
3        50   15  25  3     6     2019
4        10   15  26  3     6     2019
5        0   15  27  3     6     2019
1        90   15  28  3     6     2019
2        90   15  29  3     6     2019
3        60   15  30  3     6     2019
4        80   15  31  3     6     2019
5        30   15  32  3     6     2019
1        40   15  33  3     6     2019
2        80   15  34  3     6     2019
3        40   15  35  3     6     2019
4        90   15  36  3     6     2019
5        90   15  37  3     6     2019
1        20   15  38  3     6     2019
2        50   15  39  3     6     2019
3        50   15  40  3     6     2019
4        30   15  41  3     6     2019
5        30   15  42  3     6     2019
1        30   15  43  3     6     2019
2        70   15  44  3     6     2019
3        40   15  45  3     6     2019
4        30   15  46  3     6     2019
5        80   15  47  3     6     2019
1        0   15  48  3     6     2019
2        80   15  49  3     6     2019
3        80   15  50  3     6     2019
4        0   15  51  3     6     2019
5        60   15  52  3     6     2019
1        80   15  53  3     6     2019
2        10   15  54  3     6     2019
3        90   15  55  3     6     2019
4        80   15  56  3     6     2019
5        90   15  57  3     6     2019
1        70   15  58  3     6     2019
2        20   15  0  3     6     2019
3        20   15  1  3     6     2019
4        80   15  2  3     6     2019
5        20   15  3  3     6     2019
1        80   16  4  3     6     2019
2        90   16  5  3     6     2019
3        0   16  6  3     6     2019
4        70   16  7  3     6     2019
5        80   16  8  3     6     2019
1        10   16  9  3     6     2019
2        50   16  10  3     6     2019
3        80   16  11  3     6     2019
4        60   16  12  3     6     2019
5        10   16  13  3     6     2019
1        20   16  14  3     6     2019
2        40   16  15  3     6     2019
3        20   16  16  3     6     2019
4        50   16  17  3     6     2019
5        80   16  18  3     6     2019
1        60   16  19  3     6     2019
2        20   16  20  3     6     2019
3        60   16  21  3     6     2019
4        50   16  22  3     6     2019
5        30   16  23  3     6     2019
1        90   16  24  3     6     2019
2        20   16  25  3     6     2019
3        40   16  26  3     6     2019
4        60   16  27  3     6     2019
5        10   16  28  3     6     2019
1        80   16  29  3     6     2019
2        20   16  30  3     6     2019
3        10   16  31  3     6     2019
4        10   16  32  3     6     2019
5        90   16  33  3     6     2019
1        70   16  34  3     6     2019
2        60   16  35  3     6     2019
3        20   16  36  3     6     2019
4        90   16  37  3     6     2019
5        50   16  38  3     6     2019
1        20   16  39  3     6     2019
2        0   16  40  3     6     2019
3        0   16  41  3     6     2019
4        30   16  42  3     6     2019
5        90   16  43  3     6     2019
1        10   16  44  3     6     2019
2        80   16  45  3     6     2019
3        10   16  46  3     6     2019
4        90   16  47  3     6     2019
5        50   16  48  3     6     2019
1        30   16  49  3     6     2019
2        20   16  50  3     6     2019
3        50   16  51  3     6     2019
4        20   16  52  3     6     2019
5        50   16  53  3     6     2019
1        80   16  54  3     6     2019
2        60   16  55  3     6     2019
3        70   16  56  3     6     2019
4        70   16  57  3     6     2019
5        20   16  58  3     6     2019
1        20   16  0  3     6     2019
2        90   16  1  3     6     2019
3        40   16  2  3     6     2019
4        10   16  3  3     6     2019
5        90   16  4  3     6     2019
