5
4
4
2
1
1598788912	2	9
1598789212	2	5
1598789512	1	3
1598789812	4	10
1598790112	4	6
1598790412	4	1
1598788912	4	2
1598788912	3	10
1598788912	2	3
1598790712	2	10
1598789212	2	5
1598789212	2	8
1598791012	4	8
1598791312	1	5
1598789512	4	9
1598789812	2	5
1598789512	3	6
1598791612	4	5
1598791912	4	1
1598792212	1	8
1598789212	4	6
1598790112	4	2
1598789812	3	8
1598790112	3	6
1598789512	1	5
1598789812	4	8
1598790112	1	1
1598790412	1	4
1598790412	4	5
1598790712	1	7
1598790712	1	6
1598790412	4	4
1598791012	1	5
1598791012	2	5
1598790712	1	2
1598791312	4	10
1598791312	2	3
1598791012	3	6
1598791612	4	6
1598791612	4	2
1598791312	2	1
1598791912	1	2
1598791912	3	4
1598791612	2	10
1598792212	2	8
1598792212	4	5
1598791912	3	9
1598792212	2	10
